627 8543
443 9029
809 6091
122 9524
703 7601
870 5913
25 7997
93 2173
146 7866
865 3603
941 7154
55 559
332 1842
729 6480
129 452
199 8751
35 4747
727 7708
110 5479
67 1125
567 1401
837 2792
844 6615
586 8921
377 472
389 1528
175 4936
176 5713
838 5313
41 7872
393 7271
644 3341
985 9541
374 1466
321 7367
961 9366
864 5367
778 4154
555 2827
104 1758
315 561
734 7377
889 6598
940 5302
268 6922
7 4523
428 9656
213 2861
584 7376
27 9285
107 962
39 7102
480 4552
814 6406
875 8632
533 7194
842 9337
254 290
602 4260
386 2433
181 7575
900 6417
575 3557
861 8115
543 936
799 7495
612 7718
419 8663
967 4907
742 7672
340 5954
956 6994
162 7692
435 2367
954 6524
283 7490
428 4316
551 2249
225 5571
231 1614
938 9862
92 278
743 3796
797 2604
627 5158
349 2398
352 6939
914 7440
258 1451
272 964
185 9306
812 2957
190 4796
784 4158
962 3532
397 4024
712 787
903 1345
66 6330
659 1967
